1707F717F7C73784757472703130
77777275777B1857D757173313136
77777273604757672703131363131
767079D7575707330353131303332
79475757173303531313531313131
4757270733439373130393130353332
75717A39373131303130303130363937
73303431313739393130373332313135
31313239373131303939313031313136
31313631313631313133323130393130
31313031303733323131323131313131
39373130383130383332313136313035
39373130383937313039313035333231
39373130393938313137313134313033
33323131363131343130353435313136
31303331303131313433323131353130
67673777772737F4757270733133
7777727775727827D7D7072373130
7F7174736857375717A3130313332
7472E847275707331313031303333
FEC7D757073313130333231313231
4757078753131303130373130323131
75707739373131313130383937333231
73313031303733323131363131373131
31313531303731303131313634343332
33323131343130353938313031313231
31303839373131303130303130363937
33323130343937313039343633323833
31303733323130343937313039393831
31303733323938313031313031313032
31313731303134343332313138313031
31313633323130393130353130333131
7767676767572695747471723131
